!BIOSYM hessian 1
@Type: Hessian
@Units
 distance: 	A
 energy: 	Kcal/Mol
#header
@natom 12

#label
C1      H1      C2      H2      C3      H3      C4      H4      C5      H5      C6      H6      

#element
C  H  C  H  C  H  C  H  C  H  C  H  

#matrix
36
 1.324465123032e+03
 3.151362513135e-05 1.532443577114e+03
 -1.792245738274e-04 4.445671464241e-04 2.665861663717e+02
 -1.304234137173e+02 -8.983945604513e-05 8.832581144955e-06 1.188127661460e+02
 -8.988538543520e-05 -7.179555392291e+02 -2.239631262217e-04 9.655210229864e-05 7.497019280788e+02
 9.259297359060e-06 -2.235027837728e-04 -7.736658541840e+01 -1.068444018617e-05 2.429726085372e-04 5.468802653349e+01
 -5.841392515342e+02 -2.361843126851e+02 -4.996289373516e-06 1.100210098953e+01 6.218817139836e+00 1.047858380277e-06 1.480448933283e+03
 -9.380247268381e+01 -3.936211565999e+02 -8.114044281125e-05 -4.984890567172e+01 -2.091210905441e+01 -1.263937690161e-06 -9.005732910633e+01 1.376459761909e+03
 4.475197930407e-05 -5.549204182505e-05 -1.208351432537e+02 -1.793487897072e-05 -1.081679485312e-05 6.695220154789e+00 -2.355977812774e-04 4.089752175765e-04 2.665861665502e+02
 -3.182593738728e+01 3.094561425394e+01 1.761681740097e-05 -1.921326314732e+00 1.828522739302e-01 -9.743216450680e-07 -5.710724263744e+02 2.544089184079e+02 1.727065564265e-04 5.919795504435e+02
 -2.512210863347e+01 2.191592921825e+01 1.023340156186e-05 -1.559496119776e+00 -1.126520054309e+00 2.427839878198e-06 2.544089187350e+02 -2.773065249341e+02 -1.138697705715e-04 -2.731830693300e+02 2.765351420669e+02
 -2.131589771228e-06 -7.522792094362e-07 6.695220225640e+00 -1.718192549337e-06 2.366189104020e-06 -7.824618752738e+00 1.729417174276e-04 -1.129834902093e-04 -7.736658546526e+01 -1.867373877428e-04 1.244674328133e-04 5.468802669054e+01
 6.906269082187e+01 -3.867725932919e+01 -2.279596405475e-05 -3.267360626615e+00 2.057750720883e-02 2.654170500937e-06 -2.983622111614e+02 -7.119097827822e+01 3.882489176206e-06 5.958826093455e+00 5.276064155878e+01 1.903248551486e-05 1.480448987664e+03
 -1.485604405726e+02 -3.903896895472e+01 5.496408684667e-06 2.057750566970e-02 6.208595818724e+00 -2.266942120066e-06 7.119086138819e+01 -6.793981936197e+02 -2.114102486154e-04 -3.307081022066e+00 -1.586883399774e+01 -7.495692644435e-06 9.005729775719e+01 1.376459703281e+03
 -6.127072310982e-05 -1.280161765588e-05 1.590885327093e+01 2.614675761951e-06 -2.129861905820e-06 1.242921894459e+01 5.411036616336e-05 -1.880990082914e-04 -1.208351430134e+02 -1.071146705155e-06 -1.673982262506e-05 6.695219865079e+00 -1.616488164663e-04 3.792804964771e-04 2.665861665345e+02
 3.821788592260e+00 4.113496812872e+00 2.818100204694e-06 1.753046726854e-02 -8.236994601197e-02 -2.130775746983e-08 5.958810755952e+00 3.307074230323e+00 1.312159565816e-06 -7.291173516585e-01 8.711739574808e-01 -8.254714843923e-07 -5.710725849303e+02 -2.544088268582e+02 -1.128943140437e-05 5.919797203702e+02
 4.113496810987e+00 -8.805534004628e-01 -5.441899129525e-06 -8.236994601197e-02 -7.758208625708e-02 -3.690610544100e-08 -5.276064852797e+01 -1.586881884683e+01 4.999285842682e-07 -8.711744446717e-01 -2.318728919639e+00 2.101760820361e-06 -2.544088267777e+02 -2.773063661571e+02 -3.041389006071e-05 2.731829710066e+02 2.765349718759e+02
 2.958718473877e-06 -5.407027870056e-06 1.242921893159e+01 -2.130775746983e-08 -3.690610544100e-08 6.508679464185e-02 -1.879518163276e-05 -8.576212866430e-06 6.695220042837e+00 -1.492850680372e-06 1.817120995699e-06 -7.824618690733e+00 -1.136720349011e-05 -2.996115376866e-05 -7.736658539580e+01 1.093140004139e-05 3.513392651224e-05 5.468802664031e+01
 -1.077865144824e+02 1.787267208864e-05 1.536194966013e-05 -9.393049434280e-02 3.765319642260e-08 1.320514649370e-14 6.906274826759e+01 1.485604073738e+02 4.397755366320e-05 3.821786045456e+00 -4.113498276991e+00 -1.442052292221e-07 -5.841391470062e+02 9.380252936798e+01 1.060642365256e-04 -3.182593896868e+01 2.512212518679e+01 1.509534241529e-05 1.324465116872e+03
 1.785635902435e-05 8.609647227307e+00 9.314272259976e-06 3.765319642260e-08 1.519687643050e-01 8.623798353508e-08 3.867722605321e+01 -3.903902641098e+01 -2.529949140817e-05 -4.113498262735e+00 -8.805508478621e-01 -4.063015768411e-06 2.361843691721e+02 -3.936212572697e+02 -1.331122600224e-04 -3.094559749869e+01 2.191593095290e+01 9.875626350303e-06 3.221918874616e-05 1.532443574693e+03
 1.455473061712e-05 9.025681696094e-06 -1.752194882174e+01 1.320514649370e-14 8.623798353508e-08 -9.393049434277e-02 5.429691661243e-06 -4.365565729506e-05 1.590885307583e+01 -6.472765272022e-09 -4.097171432280e-06 1.242921893210e+01 1.561316356731e-04 -1.103455816306e-04 -1.208351428934e+02 -4.772976929718e-06 1.616715079993e-06 6.695219972433e+00 -1.711834437930e-04 4.424701005408e-04 2.665861664618e+02
 -9.393049432072e-02 3.766816552083e-08 1.322632067120e-14 4.267516635245e-02 -1.926071314685e-08 -6.754913141754e-15 -3.267360637924e+00 -2.057460433902e-02 2.505664971604e-06 1.753051793187e-02 8.236991645852e-02 3.688686302897e-08 1.100211435117e+01 4.984889579768e+01 1.659846269638e-05 -1.921325832408e+00 1.559496331239e+00 -2.028124095434e-07 -1.304234138406e+02 -8.995606258821e-05 8.848746722883e-06 1.188127661846e+02
 3.766816552083e-08 1.519687643247e-01 8.634193894728e-08 -1.926071314685e-08 -8.311307478412e-02 -4.411511851370e-08 -2.057460347941e-02 6.208595833160e+00 -2.142097343421e-06 8.236991645852e-02 -7.758213673117e-02 -6.388994366363e-08 -6.218826918310e+00 -2.091212239499e+01 -8.823867435686e-06 -1.828520688291e-01 -1.126520459644e+00 2.437375936504e-06 -8.997637757702e-05 -7.179555375775e+02 -2.245247695876e-04 9.661198120040e-05 7.497019263886e+02
 1.322632067120e-14 8.634193894728e-08 -9.393049432069e-02 -6.754913141754e-15 -4.411511851370e-08 4.267516635244e-02 2.474376908100e-06 -2.250693316312e-06 1.242921894116e+01 3.688686302897e-08 -6.388994366363e-08 6.508679442677e-02 -2.468851097184e-06 -1.757090076784e-05 6.695219995658e+00 -9.556053990402e-07 1.917338257940e-06 -7.824618699372e+00 8.124192768385e-06 -2.247664866630e-04 -7.736658536681e+01 -1.064564957197e-05 2.436553314535e-04 5.468802660794e+01
 6.906274814068e+01 3.867722609870e+01 4.244734295181e-06 -3.267360640183e+00 -2.057460764796e-02 2.699529071780e-06 -2.048940852418e+01 -5.040102542267e+01 -1.758103777085e-05 9.049391678727e-02 -1.064775213893e-01 -6.816937412242e-08 -9.308985628978e+01 5.494162378836e+01 3.737195251631e-05 3.857427359428e+00 4.092920744687e+00 2.859409344954e-06 -5.841392488016e+02 -2.361843110423e+02 -6.935789515512e-06 1.100210098376e+01 6.218817139079e+00 1.750991441346e-06 1.480448934106e+03
 1.485604074155e+02 -3.903902638947e+01 -4.419826093975e-05 -2.057460723131e-02 6.208595831900e+00 -2.143845528471e-06 -5.040102546812e+01 -7.868745853084e+01 -1.336909294551e-05 -1.064775213893e-01 -3.245564667052e-02 3.935762055549e-08 -5.494155752218e+01 1.231135781554e+02 4.653159090965e-05 4.092920748467e+00 -9.161921637254e-01 -5.284874647803e-06 -9.380247136814e+01 -3.936211562677e+02 -7.967239463407e-05 -4.984890559535e+01 -2.091210904313e+01 -1.523359580599e-06 -9.005732862730e+01 1.376459759683e+03
 4.285907196313e-05 -2.608889898301e-05 1.590885332224e+01 2.688725397101e-06 -2.181343393045e-06 1.242921893301e+01 -1.689012393654e-05 -1.290797528686e-05 -1.752194883203e+01 -6.816937412242e-08 3.935762055549e-08 -9.393049426122e-02 -1.309423634753e-06 2.820701814998e-05 1.590885306958e+01 2.768647468349e-06 -5.379099422771e-06 1.242921893762e+01 4.299941772016e-05 -5.662702799906e-05 -1.208351429113e+02 -1.833445542643e-05 -1.061408692935e-05 6.695220017258e+00 -2.307795031582e-04 4.013197576373e-04 2.665861665329e+02
 3.821786077807e+00 -4.113498254098e+00 -3.261153326092e-08 1.753051765763e-02 8.236991695944e-02 3.670987934694e-08 9.049391728297e-02 -1.064775211043e-01 -6.787539079483e-08 -5.166599773345e-02 5.446791577517e-02 3.479502937365e-08 3.857424860905e+00 -4.092922210187e+00 -5.192017730330e-09 -1.251384132258e-01 2.906323022644e-08 3.080427427171e-08 -3.182593709108e+01 3.094561387310e+01 1.710110977591e-05 -1.921326239339e+00 1.828523226868e-01 -8.721557640805e-07 -5.710724301386e+02 2.544089163631e+02 1.700135165391e-04 5.919795540065e+02
 -4.113498242999e+00 -8.805508867892e-01 -3.911258443764e-06 8.236991695944e-02 -7.758213667090e-02 -6.358339851987e-08 -1.064775211043e-01 -3.245564716165e-02 3.918788893185e-08 5.446791577517e-02 1.122808933211e-02 -2.008892669886e-08 -4.092922198575e+00 -9.161896636867e-01 -3.989584364697e-06 2.906323022644e-08 6.508679442663e-02 -4.706377909457e-15 -2.512210873739e+01 2.191592915605e+01 9.264613350819e-06 -1.559496079489e+00 -1.126520032542e+00 2.737773838562e-06 2.544089161147e+02 -2.773065210034e+02 -1.114312363979e-04 -2.731830671128e+02 2.765351383172e+02
 8.631005315645e-08 -3.940749281402e-06 1.242921893335e+01 3.670987934694e-08 -6.358339851987e-08 6.508679466996e-02 -6.787539079483e-08 3.918788893185e-08 -9.393049425881e-02 3.479502937365e-08 -2.008892669886e-08 4.267516631821e-02 -3.648456387086e-08 -3.957097867457e-06 1.242921893375e+01 3.080427427171e-08 -4.706377909457e-15 6.508679442663e-02 -2.304672830827e-06 4.024081932198e-07 6.695219895093e+00 -1.381668069043e-06 2.277099227920e-06 -7.824618692032e+00 1.699167064412e-04 -1.117247780785e-04 -7.736658544719e+01 -1.837532879463e-04 1.222176689096e-04 5.468802668711e+01
 -5.841391499882e+02 2.361843711335e+02 1.625604076407e-04 1.100211436315e+01 -6.218826916643e+00 -2.952193773456e-06 -9.308985633139e+01 -5.494155747252e+01 -8.669631560561e-07 3.857424822464e+00 -4.092922231261e+00 -4.529529038155e-07 -2.048937775955e+01 5.040100757445e+01 1.851891073292e-05 9.049398238994e-02 1.064774834870e-01 7.287238796925e-09 6.906269091808e+01 -3.867725926880e+01 -2.204595947500e-05 -3.267360626536e+00 2.057750425430e-02 2.576658613496e-06 -2.983622109589e+02 -7.119097809732e+01 4.787951578854e-06 5.958825849063e+00 5.276064196035e+01 1.832194185222e-05 1.480448991399e+03
 9.380253120122e+01 -3.936212578620e+02 -1.121413206836e-04 4.984889584537e+01 -2.091212239186e+01 -1.826326135613e-05 5.494162384272e+01 1.231135780626e+02 2.827713294887e-05 -4.092922216492e+00 -9.161896322145e-01 -3.596283651368e-06 5.040100754531e+01 -7.868748948559e+01 -2.970604633453e-05 1.064774834870e-01 -3.245571237698e-02 4.207287788065e-09 -1.485604405188e+02 -3.903896903118e+01 5.125406703188e-06 2.057750535048e-02 6.208595819542e+00 -2.141235913625e-06 7.119086181511e+01 -6.793981957517e+02 -2.052832078771e-04 -3.307080881990e+00 -1.586883399313e+01 -7.287577623683e-06 9.005729683644e+01 1.376459707543e+03
 1.127218970124e-04 -1.363885740349e-04 -1.208351431738e+02 1.665695258536e-05 -8.556543114564e-06 6.695220074255e+00 3.746352723253e-05 4.728859828625e-05 1.590885336321e+01 -7.679102711602e-08 -4.194409365463e-06 1.242921893415e+01 1.791925713500e-05 -2.998017720672e-05 -1.752194881727e+01 7.287238796925e-09 4.207287788065e-09 -9.393049431602e-02 -6.081010541585e-05 -1.297255317008e-05 1.590885320756e+01 2.595668985167e-06 -2.207218013178e-06 1.242921893516e+01 5.466690899896e-05 -1.815875189921e-04 -1.208351432094e+02 -1.011113469750e-06 -1.661149468887e-05 6.695220163063e+00 -1.744355158005e-04 3.722054665612e-04 2.665861663292e+02
 -3.182593906135e+01 -3.094559761514e+01 -4.385151570951e-06 -1.921325856786e+00 -1.828520527409e-01 -1.065301835688e-06 3.857427350258e+00 4.092920748692e+00 2.912133458445e-06 -1.251384138028e-01 2.935381431000e-08 3.208422004931e-08 9.049398223985e-02 1.064774835584e-01 6.705306915169e-09 -5.166603120964e-02 -5.446789651314e-02 -3.605818325473e-09 3.821788581658e+00 4.113496816993e+00 2.878728015046e-06 1.753046736768e-02 -8.236994587188e-02 -2.084476854946e-08 5.958810846990e+00 3.307074279972e+00 1.264344863450e-06 -7.291173491566e-01 8.711739555030e-01 -8.832787287337e-07 -5.710725856699e+02 -2.544088284577e+02 -5.697973474990e-06 5.919797211537e+02
 2.512212518289e+01 2.191593099856e+01 1.098737360028e-06 1.559496345699e+00 -1.126520466341e+00 2.098688691184e-06 4.092920753168e+00 -9.161921603176e-01 -5.391929436360e-06 2.935381431000e-08 6.508679473358e-02 -4.950943383661e-15 1.064774835584e-01 -3.245571228601e-02 3.871309383802e-09 -5.446789651314e-02 1.122812277812e-02 -2.081819443390e-09 4.113496819574e+00 -8.805533891051e-01 -5.293180774777e-06 -8.236994587188e-02 -7.758208630447e-02 -3.610418545056e-08 -5.276064847933e+01 -1.586881887375e+01 9.467428813392e-07 -8.711744404676e-01 -2.318728993580e+00 2.057510961292e-06 -2.544088285060e+02 -2.773063675655e+02 -2.699978354934e-05 2.731829726539e+02 2.765349733311e+02
 1.543488191238e-05 1.069480257339e-05 6.695220106431e+00 -4.708253114607e-07 2.367238486013e-06 -7.824618730316e+00 2.879713837891e-06 -5.425585984927e-06 1.242921893058e+01 3.208422004931e-08 -4.950943383661e-15 6.508679473358e-02 6.705306915169e-09 3.871309383802e-09 -9.393049434721e-02 -3.605818325473e-09 -2.081819443390e-09 4.267516635227e-02 2.819734502976e-06 -5.307810296707e-06 1.242921894275e+01 -2.084476854946e-08 -3.610418545056e-08 6.508679458303e-02 -1.814573229099e-05 -8.386580820670e-06 6.695220081502e+00 -1.474699376062e-06 1.768002237237e-06 -7.824618734307e+00 -6.019572548160e-06 -2.719328006098e-05 -7.736658531179e+01 4.962160333333e-06 3.151752856710e-05 5.468802645383e+01


#frequencies and intensities
36
    0.012874          0.000000
    0.008404          0.000000
    0.000028          0.000000
    0.000006          0.000000
    0.000026          0.000000
    0.004947          0.000000
  399.916925          0.000000
  399.916925          0.000000
  606.210666          0.000000
  606.210666          0.000000
  650.597370          0.000000
  705.142418        101.158759
  831.661805          0.000000
  831.661806          0.000000
  889.495418          0.000000
  950.601913          0.000000
  958.468031          0.000000
  958.468032          0.000000
  973.670193          0.000000
  986.481729         19.480323
  986.481730         19.480323
 1131.454091          0.000000
 1131.454092          0.000000
 1153.598806          0.000000
 1298.548647          0.000000
 1311.080413          0.000000
 1442.884895         32.776380
 1442.884895         32.776380
 1561.604768          0.000000
 1561.604769          0.000000
 3078.819928          0.000000
 3078.819929          0.000000
 3080.149692          0.000000
 3086.406460         48.902056
 3086.406462         48.902056
 3095.382914          0.000000


#normal_modes
36
  0.0000000596  0.0000000372 -0.3693131917  0.0000000461  0.0000000398 -0.1899345430  0.0000000467  0.0000000287  0.1242341357  0.0000000398  0.0000000358  0.0638932414 -0.0000000839 -0.0000001030  0.4935449525 -0.0000000278 -0.0000000324  0.2538270953 -0.0000001977 -0.0000002220  0.3693084453 -0.0000000861 -0.0000000934  0.1899331676 -0.0000001845 -0.0000002130 -0.1242388790 -0.0000000793 -0.0000000887 -0.0638946142 -0.0000000571 -0.0000000848 -0.4935496989 -0.0000000139 -0.0000000228 -0.2538284709
  0.3630498611 -0.0000006364  0.0000043233  0.1867137409 -0.0000001968  0.0000015206  0.1815253120  0.3144092170  0.0000046266  0.0933569920  0.1616984928  0.0000016766 -0.1815238825  0.3144092726  0.0000034325 -0.0933565558  0.1616985216  0.0000010625 -0.3630485281 -0.0000005251  0.0000019350 -0.1867133546 -0.0000001396  0.0000002923 -0.1815239790 -0.3144103784  0.0000016316 -0.0933566053 -0.1616988296  0.0000001363  0.1815252156 -0.3144104339  0.0000028258  0.0933569423 -0.1616988582  0.0000007505
 -0.1224551839  0.0615268438 -0.3673889608 -0.0354732073  0.0178236295 -0.1064263566 -0.1224566796  0.0615294345 -0.3673889585 -0.0354739765  0.0178249618 -0.1064263554 -0.1224596711  0.0615294345 -0.3673981407 -0.0354755150  0.0178249618 -0.1064310777 -0.1224611668  0.0615268438 -0.3674073251 -0.0354762843  0.0178236295 -0.1064358012 -0.1224596711  0.0615242531 -0.3674073274 -0.0354755150  0.0178222971 -0.1064358024 -0.1224566796  0.0615242531 -0.3673981453 -0.0354739765  0.0178222971 -0.1064310801
 -0.3664219687  0.0497651522  0.1304606165 -0.1061483639  0.0144164007  0.0377915984 -0.3664218092  0.0497648759  0.1304594092 -0.1061482819  0.0144162586  0.0377909775 -0.3664214902  0.0497648759  0.1304654819 -0.1061481179  0.0144162586  0.0377941006 -0.3664213307  0.0497651522  0.1304727618 -0.1061480358  0.0144164007  0.0377978446 -0.3664214902  0.0497654284  0.1304739691 -0.1061481179  0.0144165427  0.0377984655 -0.3664218092  0.0497654284  0.1304678964 -0.1061482819  0.0144165428  0.0377953424
 -0.0670979700 -0.3840583678 -0.0419506447 -0.0194375465 -0.1112573573 -0.0121522419 -0.0670979145 -0.3840584640 -0.0419505478 -0.0194375180 -0.1112574067 -0.0121521921 -0.0670978034 -0.3840584639 -0.0419522595 -0.0194374609 -0.1112574067 -0.0121530724 -0.0670977479 -0.3840583678 -0.0419540680 -0.0194374323 -0.1112573573 -0.0121540026 -0.0670978034 -0.3840582716 -0.0419541649 -0.0194374609 -0.1112573078 -0.0121540524 -0.0670979145 -0.3840582716 -0.0419524532 -0.0194375180 -0.1112573078 -0.0121531721
  0.0000038567 -0.0000008847 -0.3566870866  0.0000013466 -0.0000002283 -0.1834394455  0.0000032929  0.0000001008 -0.4981808056  0.0000010565  0.0000002789 -0.2562086308  0.0000022736 -0.0000000263 -0.1415031436  0.0000005326  0.0000002132 -0.0727719157  0.0000018144 -0.0000011352  0.3566682378  0.0000002962 -0.0000003569  0.1834339850  0.0000023779 -0.0000021203  0.4981619579  0.0000005859 -0.0000008635  0.2562031712  0.0000034006 -0.0000019964  0.1414842958  0.0000011120 -0.0000007999  0.0727664562
 -0.0000000822  0.0000001730 -0.4892283354 -0.0000000469  0.0000000986 -0.2803889989  0.0000000249 -0.0000000529  0.1514593903  0.0000000148 -0.0000000297  0.0868051662  0.0000000531 -0.0000001192  0.3377689455  0.0000000306 -0.0000000683  0.1935838327 -0.0000000800  0.0000001706 -0.4892283360 -0.0000000462  0.0000000980 -0.2803889990  0.0000000257 -0.0000000534  0.1514593896  0.0000000145 -0.0000000305  0.0868051648  0.0000000586 -0.0000001181  0.3377689461  0.0000000331 -0.0000000677  0.1935838338
  0.0000000179 -0.0000000373  0.1075658713  0.0000000105 -0.0000000214  0.0616486923 -0.0000000805  0.0000001698 -0.4774671031 -0.0000000460  0.0000000972 -0.2736483414  0.0000000592 -0.0000001322  0.3699012318  0.0000000342 -0.0000000761  0.2119996506  0.0000000183 -0.0000000381  0.1075658731  0.0000000104 -0.0000000218  0.0616486933 -0.0000000779  0.0000001662 -0.4774671035 -0.0000000450  0.0000000951 -0.2736483420  0.0000000630 -0.0000001282  0.3699012298  0.0000000358 -0.0000000737  0.2119996496
 -0.1295026848 -0.4264721918 -0.0000001283  0.0139436602 -0.1230829855 -0.0000000472 -0.4401191774  0.1181695946  0.0000001162 -0.1036962961  0.0745051964  0.0000000416 -0.1116896348  0.2209861106  0.0000000956  0.0167503783 -0.0210660271 -0.0000000115  0.1295026850  0.4264721907  0.0000001287 -0.0139436600  0.1230829852  0.0000000446  0.4401191776 -0.1181695943 -0.0000001140  0.1036962972 -0.0745051953 -0.0000000442  0.1116896342 -0.2209861103 -0.0000000959 -0.0167503789  0.0210660275  0.0000000092
  0.2107017408 -0.2621205906 -0.0000001281 -0.0226864872 -0.0756498969 -0.0000000176  0.0976008559 -0.3075012721 -0.0000001244  0.0712642766 -0.0141027404 -0.0000000124 -0.4367565603 -0.2443075395 -0.0000000167 -0.1247034451 -0.0728431779 -0.0000000007 -0.2107017415  0.2621205901  0.0000001263  0.0226864866  0.0756498968  0.0000000288 -0.0976008557  0.3075012719  0.0000001228 -0.0712642763  0.0141027394  0.0000000215  0.4367565609  0.2443075402  0.0000000117  0.1247034451  0.0728431785  0.0000000095
 -0.0000000619  0.0000001268 -0.3567021142 -0.0000000345  0.0000000700 -0.1985705617  0.0000000598 -0.0000001278  0.3567021151  0.0000000332 -0.0000000709  0.1985705614 -0.0000000558  0.0000001272 -0.3567021151 -0.0000000316  0.0000000711 -0.1985705618  0.0000000569 -0.0000001248  0.3567021150  0.0000000316 -0.0000000695  0.1985705620 -0.0000000594  0.0000001228 -0.3567021152 -0.0000000333  0.0000000680 -0.1985705610  0.0000000607 -0.0000001241  0.3567021141  0.0000000336 -0.0000000692  0.1985705623
 -0.0000000231  0.0000000436 -0.1135945168  0.0000000665 -0.0000001360  0.3921261978 -0.0000000213  0.0000000440 -0.1135945145  0.0000000646 -0.0000001385  0.3921261944 -0.0000000145  0.0000000429 -0.1135945142  0.0000000639 -0.0000001384  0.3921261922 -0.0000000151  0.0000000386 -0.1135945148  0.0000000629 -0.0000001379  0.3921261924 -0.0000000151  0.0000000347 -0.1135945143  0.0000000660 -0.0000001376  0.3921261945 -0.0000000235  0.0000000356 -0.1135945177  0.0000000647 -0.0000001381  0.3921261981
 -0.0000000389  0.0000000756 -0.2299611754  0.0000000746 -0.0000001577  0.4471406621 -0.0000000021  0.0000000029 -0.0025914591  0.0000000020  0.0000000016  0.0050388784  0.0000000391 -0.0000000786  0.2273697179 -0.0000000698  0.0000001572 -0.4421017870  0.0000000372 -0.0000000844  0.2299611779 -0.0000000725  0.0000001557 -0.4471406682 -0.0000000019  0.0000000015  0.0025914603 -0.0000000005  0.0000000042 -0.0050388832 -0.0000000360  0.0000000809 -0.2273697173  0.0000000749 -0.0000001537  0.4421017832
 -0.0000000222  0.0000000530 -0.1297757893  0.0000000436 -0.0000000860  0.2523383881 -0.0000000443  0.0000000910 -0.2640401138  0.0000000849 -0.0000001844  0.5134043677 -0.0000000243  0.0000000441 -0.1342643272  0.0000000429 -0.0000000971  0.2610659817  0.0000000208 -0.0000000398  0.1297757877 -0.0000000421  0.0000000900 -0.2523383845  0.0000000465 -0.0000000953  0.2640401136 -0.0000000848  0.0000001760 -0.5134043669  0.0000000230 -0.0000000494  0.1342643288 -0.0000000428  0.0000000888 -0.2610659851
 -0.0000000597 -0.3886400598 -0.0000001397 -0.0000000196 -0.1250022769 -0.0000000405  0.3365721352 -0.1943200836 -0.0000001216  0.1082551373 -0.0625011567 -0.0000000480  0.3365721974  0.1943199794  0.0000000098  0.1082551581  0.0625011216  0.0000000169  0.0000000593  0.3886400627  0.0000001359  0.0000000186  0.1250022778  0.0000000416 -0.3365721372  0.1943200812  0.0000001262 -0.1082551389  0.0625011542  0.0000000332 -0.3365721946 -0.1943199791 -0.0000000119 -0.1082551566 -0.0625011227  0.0000000011
  0.0000000605  0.3912922952  0.0000001426  0.0000000182  0.1164345607  0.0000000321  0.3388690365 -0.1956461998 -0.0000001329  0.1008352771 -0.0582172975 -0.0000000250 -0.3388690973 -0.1956460952 -0.0000000037 -0.1008352960 -0.0582172650 -0.0000000234  0.0000000598  0.3912922953  0.0000001403  0.0000000178  0.1164345607  0.0000000351  0.3388690370 -0.1956461988 -0.0000001338  0.1008352785 -0.0582172951 -0.0000000204 -0.3388690967 -0.1956460962 -0.0000000108 -0.1008352954 -0.0582172660 -0.0000000040
 -0.0000000358  0.0000000620 -0.2187100826  0.0000000671 -0.0000001379  0.3816097280 -0.0000000048  0.0000000226 -0.0516987953  0.0000000228 -0.0000000194  0.0902050927  0.0000000406 -0.0000000920  0.2704088807 -0.0000000808  0.0000001768 -0.4718148266 -0.0000000301  0.0000000694 -0.2187100851  0.0000000740 -0.0000001358  0.3816097333 -0.0000000126  0.0000000256 -0.0516987950  0.0000000174 -0.0000000226  0.0902050921  0.0000000379 -0.0000000961  0.2704088771 -0.0000000842  0.0000001681 -0.4718148186
  0.0000000330 -0.0000000737  0.1859689499 -0.0000000490  0.0000001107 -0.3244823443 -0.0000000601  0.0000001003 -0.2823929624  0.0000000726 -0.0000001854  0.4927248919  0.0000000358 -0.0000000282  0.0964240094 -0.0000000157  0.0000000528 -0.1682425412  0.0000000283 -0.0000000633  0.1859689543 -0.0000000564  0.0000001146 -0.3244823531 -0.0000000659  0.0000001067 -0.2823929672  0.0000000730 -0.0000001728  0.4927249005  0.0000000279 -0.0000000337  0.0964240150 -0.0000000211  0.0000000521 -0.1682425504
 -0.0000000522  0.0000000651 -0.1985705656  0.0000000205 -0.0000001260  0.3567021208  0.0000000572 -0.0000000854  0.1985705656 -0.0000000528  0.0000001211 -0.3567021216 -0.0000000270  0.0000000867 -0.1985705605  0.0000000476 -0.0000001028  0.3567021132  0.0000000119 -0.0000000790  0.1985705575 -0.0000001016  0.0000001220 -0.3567021080 -0.0000000043  0.0000000503 -0.1985705593  0.0000000660 -0.0000001327  0.3567021109  0.0000000409 -0.0000000482  0.1985705619 -0.0000000710  0.0000001543 -0.3567021142
  0.1949378791 -0.0843510075 -0.0000000722  0.4205288995 -0.0261190398 -0.0000000636 -0.1082603916  0.2316186216  0.0000001152  0.1017748667  0.3060615918  0.0000000681 -0.2302989812 -0.1889435998 -0.0000000524 -0.0265249830 -0.1360778157 -0.0000000082  0.1949378799 -0.0843510053 -0.0000000406  0.4205288999 -0.0261190391 -0.0000001128 -0.1082603947  0.2316186225  0.0000000827  0.1017748632  0.3060615914  0.0000001159 -0.2302989819 -0.1889435995 -0.0000000149 -0.0265249832 -0.1360778154 -0.0000000611
 -0.0565670161 -0.2906855427 -0.0000000731 -0.1220288631 -0.0900097118 -0.0000000473  0.2594026129  0.0125127282 -0.0000000597  0.2101517681  0.2287443206  0.0000000813 -0.1611596096  0.1345513188  0.0000000795 -0.2319876396  0.3570441711  0.0000001526 -0.0565670173 -0.2906855420 -0.0000000929 -0.1220288645 -0.0900097116 -0.0000000077  0.2594026105  0.0125127305 -0.0000000310  0.2101517667  0.2287443239  0.0000000321 -0.1611596122  0.1345513167  0.0000000622 -0.2319876413  0.3570441709  0.0000001863
 -0.1198051871  0.0477978049  0.0000000374 -0.3390442500  0.0117494846  0.0000000607  0.0149447473 -0.0884731274 -0.0000000342 -0.0856701570 -0.1764960143 -0.0000000493 -0.1026008325  0.1589472766  0.0000000704 -0.2693617293  0.4619362204  0.0000002118  0.1198051982 -0.0477978067 -0.0000000330  0.3390442623 -0.0117494852 -0.0000000649 -0.0149447527  0.0884731192  0.0000000319  0.0856701495  0.1764960040  0.0000000492  0.1026008268 -0.1589472666 -0.0000000728  0.2693617242 -0.4619362098 -0.0000002068
 -0.1490143242 -0.0384286555  0.0000000152 -0.4217049846 -0.0094462970  0.0000000616  0.1083390097  0.1432890947  0.0000000298  0.2569584628  0.4341607010  0.0000001153 -0.0378648645 -0.0556330154 -0.0000000154  0.0284817391 -0.0791288215 -0.0000000305  0.1490143313  0.0384286562 -0.0000000082  0.4217049918  0.0094462972 -0.0000000712 -0.1083390115 -0.1432891020 -0.0000000340 -0.2569584644 -0.4341607110 -0.0000001053  0.0378648595  0.0556330218  0.0000000118 -0.0284817455  0.0791288316  0.0000000332
  0.2191822826 -0.0000000334 -0.0000000390  0.3444209701 -0.0000000526 -0.0000000546 -0.1095911702 -0.1898174054 -0.0000000474 -0.1722105270 -0.2982772742 -0.0000000798 -0.1095911086  0.1898174367  0.0000000828 -0.1722104269  0.2982773155  0.0000001377  0.2191822754 -0.0000000333 -0.0000000325  0.3444209436 -0.0000000527 -0.0000000621 -0.1095911676 -0.1898174046 -0.0000000496 -0.1722105213 -0.2982772688 -0.0000000724 -0.1095911119  0.1898174401  0.0000000854 -0.1722104374  0.2982773322  0.0000001322
 -0.1867135469  0.0000000283  0.0000000323  0.3630491938 -0.0000000556 -0.0000000620 -0.0933567989 -0.1616986627 -0.0000000420  0.1815246477  0.3144097977  0.0000000809  0.0933567478 -0.1616986880 -0.0000000724 -0.1815245482  0.3144098524  0.0000001404  0.1867135488 -0.0000000287 -0.0000000299 -0.3630491952  0.0000000556  0.0000000582  0.0933567982  0.1616986593  0.0000000409 -0.1815246440 -0.3144097979 -0.0000000796 -0.0933567502  0.1616986922  0.0000000717  0.1815245500 -0.3144098539 -0.0000001403
  0.3444209555 -0.0000000527 -0.0000000575 -0.2191822775  0.0000000336  0.0000000361 -0.1722105225 -0.2982772704 -0.0000000775  0.1095911689  0.1898174024  0.0000000500 -0.1722104347  0.2982773260  0.0000001335  0.1095911122 -0.1898174429 -0.0000000854  0.3444209569 -0.0000000537 -0.0000000564 -0.2191822793  0.0000000332  0.0000000366 -0.1722105247 -0.2982772720 -0.0000000757  0.1095911686  0.1898174072  0.0000000481 -0.1722104312  0.2982773233  0.0000001334  0.1095911092 -0.1898174354 -0.0000000847
  0.3670274882 -0.0385542727 -0.0000000763 -0.3541240633 -0.0139501148  0.0000000553 -0.0454638804  0.2972716392  0.0000001134 -0.1721442780 -0.1621072209 -0.0000000279 -0.1300519668 -0.2278693234 -0.0000000603 -0.1348263533  0.0695704518  0.0000000457  0.3670274923 -0.0385542712 -0.0000000726 -0.3541240668 -0.0139501143  0.0000000522 -0.0454638837  0.2972716379  0.0000001106 -0.1721442764 -0.1621072209 -0.0000000282 -0.1300519652 -0.2278693226 -0.0000000566 -0.1348263528  0.0695704516  0.0000000472
 -0.0591196345 -0.2393530613 -0.0000000752  0.0570411412 -0.0866057316 -0.0000000398  0.2767062771  0.1731383086  0.0000000149 -0.0911159659 -0.2685855191 -0.0000000791 -0.2484346852  0.2577263955  0.0000001311  0.1405617081 -0.3059034448 -0.0000001311 -0.0591196354 -0.2393530623 -0.0000000737  0.0570411418 -0.0866057319 -0.0000000394  0.2767062767  0.1731383120  0.0000000148 -0.0911159648 -0.2685855210 -0.0000000783 -0.2484346857  0.2577263918  0.0000001325  0.1405617064 -0.3059034419 -0.0000001307
  0.0897053477 -0.2243254377 -0.0000000946 -0.0368753891 -0.0753773988 -0.0000000202  0.0553290868  0.3932329305  0.0000001300 -0.1189530810 -0.1061008611 -0.0000000164  0.1634663105 -0.4343826848 -0.0000001801 -0.1161259364  0.1503131437  0.0000000715 -0.0897053467  0.2243254356  0.0000000929  0.0368753896  0.0753773979  0.0000000202 -0.0553290846 -0.3932329320 -0.0000001278  0.1189530797  0.1061008609  0.0000000175 -0.1634663138  0.4343826892  0.0000001795  0.1161259378 -0.1503131453 -0.0000000723
  0.4769686039  0.0421897020 -0.0000000656 -0.1960684709  0.0141765583  0.0000000383 -0.3080611074 -0.1872241348 -0.0000000153  0.0145902107  0.1416519109  0.0000000485  0.2669113481 -0.0315712630 -0.0000000540  0.0296220726  0.0934271065  0.0000000288 -0.4769685963 -0.0421897019  0.0000000626  0.1960684679 -0.0141765583 -0.0000000365  0.3080611037  0.1872241345  0.0000000144 -0.0145902104 -0.1416519114 -0.0000000468 -0.2669113508  0.0315712632  0.0000000564 -0.0296220737 -0.0934271060 -0.0000000273
  0.0068735753 -0.0810332275 -0.0000000296 -0.0051787365  0.2735414446  0.0000000966 -0.1420205718  0.0819347453  0.0000000528  0.4793454456 -0.2767044393 -0.0000001783  0.0752278099  0.0355567412  0.0000000006 -0.2450013193 -0.1355174706 -0.0000000089 -0.0068735781  0.0810332524  0.0000000295  0.0051787378 -0.2735415228 -0.0000000967  0.1420205661 -0.0819347454 -0.0000000519 -0.4793454311  0.2767044287  0.0000001754 -0.0752277494 -0.0355567080  0.0000000003  0.2450011240  0.1355173591  0.0000000061
 -0.0039075907 -0.1425408859 -0.0000000492  0.0029441600  0.4811710100  0.0000001677  0.0030062025  0.0073939953  0.0000000021  0.0002184031 -0.0070046447 -0.0000000025 -0.1204977134 -0.0741869157 -0.0000000070  0.4120035808  0.2413493034  0.0000000197  0.0039075949  0.1425411941  0.0000000494 -0.0029441620 -0.4811720439 -0.0000001683 -0.0030059949 -0.0073941138 -0.0000000021 -0.0002191055  0.0070050496  0.0000000025  0.1204974246  0.0741867458  0.0000000056 -0.4120026106 -0.2413487426 -0.0000000150
  0.0000000215  0.1164347231  0.0000000407 -0.0000000631 -0.3912928450 -0.0000001368  0.1008352860 -0.0582173122 -0.0000000375 -0.3388690734  0.1956462305  0.0000001260 -0.1008351303 -0.0582171615 -0.0000000045  0.3388685300  0.1956457623  0.0000000151  0.0000000106  0.1164343695  0.0000000408 -0.0000000550 -0.3912916528 -0.0000001372  0.1008353182 -0.0582173067 -0.0000000369 -0.3388691547  0.1956462568  0.0000001240 -0.1008354408 -0.0582173516 -0.0000000034  0.3388695914  0.1956463839  0.0000000113
  0.0112286141  0.0833413744  0.0000000272 -0.0052719562 -0.2689756068 -0.0000000931 -0.1478339704  0.0855590852  0.0000000551  0.4773660098 -0.2757047155 -0.0000001777 -0.0702233128 -0.0533020306 -0.0000000077  0.2418747396  0.1456366553  0.0000000130  0.0112286125  0.0833413314  0.0000000274 -0.0052719549 -0.2689754623 -0.0000000935 -0.1478339575  0.0855590793  0.0000000541  0.4773659702 -0.2757046906 -0.0000001747 -0.0702233548 -0.0533020558 -0.0000000068  0.2418748829  0.1456367394  0.0000000102
 -0.0062757409  0.1491143861  0.0000000532  0.0029464461 -0.4812511358 -0.0000001687 -0.0084934530 -0.0099482155 -0.0000000021  0.0096755653  0.0013868958 -0.0000000012  0.1303676317  0.0676624748  0.0000000032 -0.4116656993 -0.2341044778 -0.0000000173 -0.0062757384  0.1491144209  0.0000000532  0.0029464441 -0.4812512403 -0.0000001691 -0.0084935398 -0.0099481661 -0.0000000021  0.0096758464  0.0013867342 -0.0000000011  0.1303676241  0.0676624686  0.0000000016 -0.4116656825 -0.2341044675 -0.0000000125
 -0.0000000174 -0.1250023081 -0.0000000437  0.0000000586  0.3886401609  0.0000001358  0.1082551314 -0.0625011490 -0.0000000403 -0.3365721099  0.1943200674  0.0000001253  0.1082551339  0.0625011093  0.0000000049 -0.3365721217 -0.1943199361 -0.0000000152  0.0000000201  0.1250022571  0.0000000438 -0.0000000598 -0.3886399969 -0.0000001362 -0.1082551277  0.0625011517  0.0000000396  0.3365721044 -0.1943200639 -0.0000001231 -0.1082551894 -0.0625011389 -0.0000000036  0.3365722982  0.1943200376  0.0000000112
